0 1 5.06
0 2 7.00
0 3 2.82
0 4 4.08
0 5 5.88
0 6 3.76
0 7 3.88
0 8 8.54
0 9 9.95
1 2 4.08
1 3 1.58
1 4 7.66
1 5 8.16
1 6 8.78
1 7 2.09
1 8 1.89
1 9 8.11
2 3 6.11
2 4 4.46
2 5 5.40
2 6 7.05
2 7 9.03
2 8 4.74
2 9 4.56
3 4 2.30
3 5 9.17
3 6 4.73
3 7 2.07
3 8 7.17
3 9 2.45
4 5 9.43
4 6 7.49
4 7 9.10
4 8 4.49
4 9 8.50
5 6 2.47
5 7 1.89
5 8 2.67
5 9 4.32
6 7 7.19
6 8 5.53
6 9 8.69
7 8 7.26
7 9 6.76
8 9 5.09
9 10 8.45
10 11 4.32
11 12 1.91
12 13 2.87
13 14 3.05
14 15 1.21
15 16 5.86
16 17 9.57
17 18 4.37
18 19 2.71
19 20 9.14
20 21 6.06
20 22 5.87
20 23 1.89
20 24 7.12
20 25 3.08
20 26 4.14
20 27 2.73
20 28 4.76
20 29 6.75
21 22 5.38
21 23 4.48
21 24 7.10
21 25 5.62
21 26 7.22
21 27 7.54
21 28 5.16
21 29 8.24
22 23 3.68
22 24 3.27
22 25 7.59
22 26 7.67
22 27 8.16
22 28 4.30
22 29 4.95
23 24 1.53
23 25 1.52
23 26 7.68
23 27 9.25
23 28 7.48
23 29 6.16
24 25 4.91
24 26 7.35
24 27 8.76
24 28 2.87
24 29 7.20
25 26 7.69
25 27 5.86
25 28 8.38
25 29 5.32
26 27 6.49
26 28 4.70
26 29 3.78
27 28 2.70
27 29 9.69
28 29 5.82
