0 10 6.10
0 18 1.07
1 12 1.15
1 29 5.62
1 30 4.45
1 45 7.03
2 16 8.35
2 18 2.26
2 35 6.21
2 41 6.75
2 42 6.13
3 5 2.05
3 22 2.81
3 28 6.28
3 32 8.88
3 49 7.19
4 9 7.78
4 11 5.81
4 45 6.05
5 9 5.33
5 15 2.91
5 17 4.16
5 39 5.35
5 40 2.23
5 45 9.89
6 32 8.06
6 35 4.96
6 42 8.61
7 20 2.07
8 18 2.17
8 37 6.46
8 43 3.16
8 47 1.45
9 11 4.21
9 18 5.86
9 30 5.38
9 31 8.55
9 43 4.98
10 13 5.87
10 14 9.74
10 17 9.70
10 18 1.42
10 25 1.12
10 45 1.86
11 18 4.96
11 27 5.98
11 28 3.46
11 44 5.21
11 45 5.36
12 16 3.35
12 40 6.51
12 41 1.65
12 43 4.63
13 39 5.31
14 29 4.57
14 33 1.25
14 35 6.45
14 48 6.36
15 35 6.72
15 47 9.54
16 41 2.73
16 49 6.64
17 18 9.27
17 32 3.25
17 38 8.54
17 42 4.91
17 46 1.85
18 31 2.29
18 46 7.46
19 24 8.56
19 48 8.82
20 43 3.65
21 26 4.12
22 23 5.16
22 26 3.81
22 27 2.37
22 28 7.72
22 31 9.76
22 39 2.13
22 42 4.27
24 30 6.10
24 31 1.20
24 37 4.55
24 48 1.39
25 30 6.18
25 45 2.33
25 48 8.05
25 49 4.55
26 34 6.43
26 39 6.09
26 47 2.73
27 30 5.77
27 36 2.13
27 39 1.99
27 44 6.45
28 30 9.17
28 40 6.44
28 42 3.52
28 44 2.92
29 39 6.84
29 40 6.62
29 47 1.65
29 48 9.56
30 35 2.69
30 41 5.08
32 35 4.29
32 37 4.51
32 46 3.26
33 45 5.27
34 40 1.56
35 42 2.14
36 46 2.51
37 42 1.60
37 45 4.13
38 46 7.41
39 48 6.23
40 45 1.61
40 49 1.63
44 47 3.94
